0.16131281852722168 0.16224431991577148
0.16051006317138672 0.20581626892089844
0.10284280776977539 0.10397052764892578
0.1215050220489502 0.11778783798217773
0.10262393951416016 0.09222745895385742
0.08382391929626465 0.03276872634887695
0.11144065856933594 0.0351564884185791
0.10425066947937012 0.09258389472961426
0.1088416576385498 0.1409285068511963
0.1323535442352295 0.1246497631072998
0.09825825691223145 0.0874230861663884
0.10349774360656738 0.0928921699523925
0.12172317504882812 0.0940971374511718
0.1094658374786377 0.0640244483947753
0.11015439033508301 0.0922729969024652
0.1043086051940918 0.0562000274658203
0.1337127685546875 0.1368496417999267
0.09673905372619629 0.06004118919372586
0.08805251121520996 0.0544145107269287
0.08333468437194824 0.05984497070312
0.1473090648651123 0.1055943965911862
0.09445905685424805 0.1236193180084225
0.09714722633361816 0.0865111351013183
0.09922933578491211 0.0933599472045898
0.09186434745788574 0.0585315227508544
0.12703657150268555 0.1600365638732910
0.10256218910217285 0.1556954383850097
0.10108041763305664 0.1324994564056396
0.09361433982849121 0.0755689144134521
0.08192563056945801 0.0959711074829101
0.11149001121520996 0.1272611618041992
0.08936524391174316 0.100525856018066
0.11756205558776855 0.1549248695373532
0.08932137489318848 0.1005458831787109
0.10642576217651367 0.1129479408264160
0.10960793495178223 0.1136355400085449
0.08146405220031738 0.075011253356933
0.09401369094848633 0.0797982215881347
0.09727287292480469 0.1029083728790283
0.09319043159484863 0.0989093780517578
0.11036038398742676 0.129698991775512
0.06417274475097656 0.0262544155120846
0.08612608909606934 0.0833511352539062
0.0772085189819336 0.0573902130126953
0.10459542274475098 0.1286711692810056
0.08641409873962402 0.0935015678405761
0.14458560943603516 0.0921804904937744
0.15447258949279785 0.144790887832641
0.13877320289611816 0.0928478240966799
0.12502431869506836 0.0651609897613525
0.1370851993560791 0.0890824794769287
0.11547279357910156 0.0543549060821532
0.12680697441101074 0.0897459983825683
0.10790014266967773 0.0270416736602783
0.15171456336975098 0.120559215545654
0.1279308795928955 0.0868437290191650
0.11240482330322266 0.03498911857604905
0.15320825576782227 0.1231036186218261
0.12167644500732422 0.0585982799530029
0.1682581901550293 0.150480985641479
0.12361335754394531 0.05813074111938766
0.11288142204284668 0.0352904796600341
0.13379240036010742 0.0696377754211425
0.1324012279510498 0.0934584140777587
0.12272953987121582 0.0616109371185307
0.1385664939880371 0.0930719375610351
0.19983649253845215 0.180802106857299
0.12368297576904297 0.0553054809570315
0.14719820022583008 0.093705177307128
0.1779460906982422 0.1792411804199218
0.15062475204467773 0.1136069297790523
0.15015125274658203 0.0936675071716308
0.13655638694763184 0.065520286560058
0.16547036170959473 0.1546697616577144
0.14271283149719238 0.089522600173950
0.10515904426574707 0.0817162990570064
0.12691235542297363 0.0644805431365966
0.13097381591796875 0.0875363349914550
0.15200042724609375 0.117629289627075
0.10093355178833008 0.0801973342895508
0.11383771896362305 0.1094999313354492
0.10489678382873535 0.1160702705383300
0.1110067367553711 0.1205935478210449
0.09953022003173828 0.1043119430541992
0.11266922950744629 0.132004261016845
0.08552861213684082 0.0759966373443605
0.12144923210144043 0.1501388549804687
0.0876157283782959 0.0979218482971191
0.2203826904296875 0.1351888179779052
0.19589471817016602 0.130386590957641
0.18352484703063965 0.1327490806579588
0.2183854579925537 0.1443066596984863
0.19898676872253418 0.1637222766876227
0.1592254638671875 0.0698821544647216
0.1555173397064209 0.0755212306976318
0.18296027183532715 0.1457111835479733
0.18593597412109375 0.1422095298767089
0.17433619499206543 0.1353352069854736
0.18274760246276855 0.1851775646209716
0.16210579872131348 0.074645280838012
0.17565536499023438 0.1597340106964113