1.724156141281128 5.89099907875061
2.709491729736328 9.210574865341187
1.9271495342254639 5.0725743770599365
1.8788609504699707 5.104128122329712
1.302403211593628 4.569236755371094
0.3303530216217041 1.5355160236358643
0.30457329750061035 1.4063782691955566
1.7526333332061768 3.8544912338256836
1.3085153102874756 6.616206169128418
3.3429977893829346 5.779990911483765
1.1796069145202637 3.9912986755371094
1.1855049133300781 3.9279558658599854
1.918644666671753 4.420511245727539
1.2649285793304443 3.391559600830078
1.1692883968353271 3.987710952758789
1.0208866596221924 2.414205312728882
1.8750648498535156 4.884631633758545
1.0772199630737305 2.7745046615600586
0.49882030487060547 2.5074551105499268
0.41042137145996094 2.5398318767547607
1.1446559429168701 3.5055832862854004
0.6135787963867188 5.108509302139282
1.1859290599822998 3.518519163131714
1.2355284690856934 4.344314336776733
1.2994358539581299 2.6175320148468018
3.531931161880493 6.535096168518066
0.9532432556152344 7.557776927947998
0.8303608894348145 6.187182188034058
1.6359915733337402 4.206836462020874
1.3880131244659424 4.7075889110565186
3.1620676517486572 5.940510988235474
1.262218713760376 4.810954332351685
2.7104339599609375 7.661334276199341
1.2603631019592285 4.7426111698150635
2.070798635482788 5.633601903915405
2.8086113929748535 5.693539381027222
0.5163514614105225 3.6972692012786865
1.1706531047821045 3.8331186771392822
1.2484431266784668 4.434081077575684
1.2705862522125244 4.500698089599609
1.970824956893921 6.318745851516724
0.34725499153137207 1.3511724472045898
1.1851105690002441 3.7018232345581055
1.0541267395019531 2.3285939693450928
2.567530870437622 5.954704999923706
1.595656156539917 4.7594616413116455
1.2369053363800049 4.083721160888672
2.055964231491089 6.101985692977905
1.822094202041626 3.834015369415283
1.0631399154663086 2.5429201126098633
1.7672734260559082 3.6117589473724365
0.40328145027160645 1.780113697052002
0.5413985252380371 3.274533987045288
0.23462772369384766 0.8197817802429199
1.869842767715454 4.797401189804077
0.5761363506317139 3.676626682281494
0.45267558097839355 1.4055004119873047
2.069511651992798 4.585365533828735
0.41945743560791016 2.027069330215454
2.822291851043701 6.102062702178955
0.4496767520904541 1.7111537456512451
0.3253591060638428 1.5607306957244873
1.0288314819335938 2.456904888153076
0.4767420291900635 3.133861541748047
0.3807673454284668 1.9318749904632568
1.0853667259216309 3.231365442276001
2.026864528656006 7.4789605140686035
0.4450700283050537 1.5672152042388916
1.7499439716339111 3.602005958557129
2.7121787071228027 7.627032518386841
1.4542901515960693 4.729935646057129
1.9557039737701416 4.146669864654541
1.1203060150146484 2.854761838912964
2.0264689922332764 6.264276504516602
1.1877050399780273 3.149859666824341
1.1027710437774658 3.103376626968384
0.42827749252319336 2.45403790473938
0.5418450832366943 3.085533380508423
1.2510740756988525 4.575510740280151
1.151801586151123 3.6795477867126465
1.872981071472168 5.359312057495117
0.8010854721069336 5.8941473960876465
1.9814581871032715 6.021939516067505
1.9147999286651611 4.920715570449829
2.6181371212005615 6.454025745391846
1.2737312316894531 3.341644287109375
3.551935911178589 7.752009868621826
1.2910816669464111 3.8901803493499756
2.0350844860076904 4.895401239395142
0.6573445796966553 4.769576787948608
1.2216622829437256 4.1572959423065186
2.448378324508667 4.634790897369385
1.3902993202209473 5.923163652420044
1.0425875186920166 2.4652771949768066
0.4673168659210205 2.9671032428741455
1.2687830924987793 5.099863290786743
1.2693688869476318 4.752202272415161
0.6114501953125 4.871035575866699
0.8105943202972412 6.283237457275391
1.100492238998413 2.570350408554077
0.6451449394226074 4.84453010559082